object Form1: TForm1
  Left = 0
  Top = 0
  Caption = 'Form1'
  ClientHeight = 472
  ClientWidth = 516
  FormFactor.Width = 320
  FormFactor.Height = 480
  FormFactor.Devices = [Desktop]
  OnActivate = FormActivate
  DesignerMasterStyle = 0
  object boxConversation: TFramedVertScrollBox
    Align = Client
    Margins.Left = 3.000000000000000000
    Margins.Top = 3.000000000000000000
    Margins.Right = 3.000000000000000000
    Margins.Bottom = 3.000000000000000000
    Size.Width = 510.000000000000000000
    Size.Height = 426.000000000000000000
    Size.PlatformDefault = False
    TabOrder = 0
    Viewport.Width = 506.000000000000000000
    Viewport.Height = 422.000000000000000000
  end
  object laySend: TLayout
    Align = Bottom
    Position.Y = 432.000000000000000000
    Size.Width = 516.000000000000000000
    Size.Height = 40.000000000000000000
    Size.PlatformDefault = False
    TabOrder = 1
    object mmoUserResponse: TMemo
      Touch.InteractiveGestures = [Pan, LongTap, DoubleTap]
      DataDetectorTypes = []
      Align = Client
      Hint = 'Send the answer'
      Margins.Left = 3.000000000000000000
      Margins.Top = 3.000000000000000000
      Margins.Right = 3.000000000000000000
      Margins.Bottom = 3.000000000000000000
      Size.Width = 388.000000000000000000
      Size.Height = 34.000000000000000000
      Size.PlatformDefault = False
      TabOrder = 3
      Viewport.Width = 384.000000000000000000
      Viewport.Height = 30.000000000000000000
    end
    object btnSendAnswer: TButton
      Align = Right
      Hint = 'Send the answer'
      Margins.Left = 3.000000000000000000
      Margins.Top = 3.000000000000000000
      Margins.Right = 3.000000000000000000
      Margins.Bottom = 3.000000000000000000
      Position.X = 397.000000000000000000
      Position.Y = 3.000000000000000000
      Size.Width = 55.000000000000000000
      Size.Height = 34.000000000000000000
      Size.PlatformDefault = False
      TabOrder = 1
      Text = 'Send'
      OnClick = btnSendAnswerClick
    end
    object btnImage: TButton
      Align = Right
      Hint = 'Send image'
      Margins.Left = 3.000000000000000000
      Margins.Top = 3.000000000000000000
      Margins.Right = 3.000000000000000000
      Margins.Bottom = 3.000000000000000000
      Position.X = 458.000000000000000000
      Position.Y = 3.000000000000000000
      Size.Width = 55.000000000000000000
      Size.Height = 34.000000000000000000
      Size.PlatformDefault = False
      TabOrder = 0
      Text = 'Image'
      OnClick = btnImageClick
    end
  end
  object Timer: TTimer
    Enabled = False
    Interval = 100
    OnTimer = TimerTimer
    Left = 248
    Top = 224
  end
end
