object FormPalette: TFormPalette
  Left = 0
  Top = 0
  Caption = 'FormColorPalette'
  ClientHeight = 212
  ClientWidth = 629
  FormFactor.Width = 320
  FormFactor.Height = 480
  FormFactor.Devices = [Desktop]
  DesignerMasterStyle = 0
  object btnReset: TButton
    Position.X = 337.000000000000000000
    Position.Y = 60.000000000000000000
    Size.Width = 117.000000000000000000
    Size.Height = 37.000000000000000000
    Size.PlatformDefault = False
    TabOrder = 1
    Text = 'btnReset'
    OnClick = btnResetClick
  end
  object ColorPalette1: TColorPalette
    Align = Left
    Padding.Left = 6.000000000000000000
    Padding.Top = 6.000000000000000000
    Padding.Right = 6.000000000000000000
    Padding.Bottom = 6.000000000000000000
    Margins.Left = 4.000000000000000000
    Margins.Top = 4.000000000000000000
    Margins.Right = 4.000000000000000000
    Margins.Bottom = 4.000000000000000000
    Position.X = 4.000000000000000000
    Position.Y = 34.000000000000000000
    Size.Width = 289.000000000000000000
    Size.Height = 174.000000000000000000
    Size.PlatformDefault = False
    TabOrder = 3
    OnColorSelected = ColorPalette1ColorSelected
    ItemSize = 28.000000000000000000
    ItemSpacing = 6.000000000000000000
    StrokeColorLight = claWhite
    StrokeColorDark = claBlack
    Viewport.Width = 289.000000000000000000
    Viewport.Height = 174.000000000000000000
  end
  object btnAddColor: TButton
    Position.X = 337.000000000000000000
    Position.Y = 105.000000000000000000
    Size.Width = 117.000000000000000000
    Size.Height = 37.000000000000000000
    Size.PlatformDefault = False
    TabOrder = 0
    Text = 'btnAddColor'
    OnClick = btnAddColorClick
  end
  object lblSelectedHex: TLabel
    Align = Top
    Margins.Left = 4.000000000000000000
    Margins.Top = 4.000000000000000000
    Margins.Right = 4.000000000000000000
    Margins.Bottom = 9.000000000000000000
    Position.X = 4.000000000000000000
    Position.Y = 4.000000000000000000
    Size.Width = 621.000000000000000000
    Size.Height = 17.000000000000000000
    Size.PlatformDefault = False
    Text = 'lblSelectedHex'
    TabOrder = 4
  end
  object rectSelected: TRectangle
    Align = Right
    Margins.Left = 4.000000000000000000
    Margins.Top = 4.000000000000000000
    Margins.Right = 4.000000000000000000
    Margins.Bottom = 4.000000000000000000
    Position.X = 500.000000000000000000
    Position.Y = 34.000000000000000000
    Size.Width = 125.000000000000000000
    Size.Height = 174.000000000000000000
    Size.PlatformDefault = False
  end
end
